16.575946156967656719 -> 237 180 359 60 184 73
13.603169804035237789 -> 237 180 245 314 183 287
13.565595180543990494 -> 237 180 0 187 181 287
16.4645055301232901 -> 237 180 359 60 191 61
14.017641416055823811 -> 10 0 359 60 180 274
13.565290666077757464 -> 10 180 0 187 171 287
13.910017623387620489 -> 237 180 245 313 180 274
20.320614457289131849 -> 236 181 0 187 180 125
25.174574062628344961 -> 237 0 245 314 180 205
16.464626495339960144 -> 10 180 359 60 191 299
13.710594898820559706 -> 237 0 359 60 184 287
10.949924505123135532 -> 237 0 121 0 168 299
14.662622970134362888 -> 10 180 8 359 176 73
13.815281987569861144 -> 10 180 121 0 193 299
14.551071906195549133 -> 237 180 8 359 168 61
17.258829617752812879 -> 237 179 359 286 180 125
20.320764661564219011 -> 237 179 0 187 180 125
13.926826827209044524 -> 10 180 121 0 184 287
13.926678123797659126 -> 237 180 121 0 178 73
13.603302635272449095 -> 10 180 245 314 184 287
28.002379052190288888 -> 237 180 0 187 180 155
10.503821322875893429 -> 10 180 359 286 184 73
10.737830411908685591 -> 237 0 245 314 176 287
10.737951377125355634 -> 10 0 245 314 176 287
20.359764442112680882 -> 237 180 245 313 180 235
16.575946156967656719 -> 237 180 359 60 176 73
20.359400469291028202 -> 10 180 244 314 180 235
23.331075417061246213 -> 237 179 359 60 180 125
14.969400562155785295 -> 237 180 9 359 180 86
16.576067122184326763 -> 10 180 359 60 176 287
10.737830411908685591 -> 237 0 245 314 176 73
14.66250200491769462 -> 237 180 8 359 184 73
13.909875926208748353 -> 237 180 245 314 181 274
21.418997176605756749 -> 236 180 9 359 180 235
31.011334799660509987 -> 237 180 359 59 180 155
20.359885407329350926 -> 10 180 245 313 180 235
20.467117065289123445 -> 236 0 359 60 180 235
13.92659923872582084 -> 237 180 121 0 173 287
16.576067122184326763 -> 10 180 359 60 176 287
13.565635401470631294 -> 237 180 0 187 184 73
10.700405108540206101 -> 10 0 0 187 184 73
17.818026974588935474 -> 237 0 121 0 180 235
13.87241074921413464 -> 236 180 0 187 180 86
7.638337233491585998 -> 237 0 359 286 183 73
20.322307772214283972 -> 237 180 0 187 180 235
13.565635401470631294 -> 237 180 0 187 184 73
13.565728628492584207 -> 10 180 0 187 182 287
20.46726726956421416 -> 237 0 359 60 180 235
23.332739492927981217 -> 10 180 359 60 180 235
16.575946156967656719 -> 237 180 359 60 176 287
10.737948889576944822 -> 10 0 245 314 175 287
13.60327001489313048 -> 10 180 245 314 186 287
16.576064634635915951 -> 10 180 359 60 175 287
10.737830411908685591 -> 237 0 245 314 184 287
31.012539603412221823 -> 236 180 359 60 180 205
26.234015362706927021 -> 10 0 8 359 180 205
14.017641416055823811 -> 10 0 359 60 180 274
28.147459514756889121 -> 10 0 359 60 180 155
13.603181670055779051 -> 237 180 245 314 176 73
11.368048859998250322 -> 237 0 121 0 179 274
13.565716145760658762 -> 10 180 0 187 181 287
20.467388234780884204 -> 10 0 359 60 180 125
13.491872536550303607 -> 10 180 245 314 192 61
16.575946156967656719 -> 237 180 359 60 176 73
16.464626495339960144 -> 10 180 359 60 191 299
11.006828195201414644 -> 236 0 0 187 179 274
11.061352116296870207 -> 237 0 121 0 185 73
13.491751571333633564 -> 237 180 245 314 192 61
23.331196382277912704 -> 10 181 359 60 180 125
14.39514243547245087 -> 10 0 359 286 180 125
13.92670586199237448 -> 237 180 121 0 184 287
28.363094367732180956 -> 237 180 122 0 180 155
25.134788971008759972 -> 236 0 0 188 180 155
20.320764661564219011 -> 237 181 0 187 180 235
13.491741043211410656 -> 237 180 245 314 169 299
11.061354603845281019 -> 237 0 121 0 184 287
