237 180 0 187 113 80 -> 13.448236651503883365
237 180 121 0 180 274 -> 14.233631414010968541
237 0 245 314 154 74 -> 10.712526936219470386
237 0 245 314 113 80 -> 10.620431661941939439
10 180 121 0 59 70 -> 13.645907431672647192
10 0 245 314 180 257 -> 12.329923778701701309
10 180 245 314 180 155 -> 28.040046285992104913
10 0 0 187 180 235 -> 17.457077479283860555
237 0 121 0 66 350 -> 10.710877044919776324
237 180 359 60 271 50 -> 16.306856653834884696
10 180 121 0 180 274 -> 14.233752379227638585
10 180 245 314 180 125 -> 20.359975006016103549
10 0 121 0 349 325 -> 10.692009359169425409
237 0 8 359 180 274 -> 12.104076298789191668
237 180 121 0 180 86 -> 14.233631414010966765
237 180 245 314 332 4 -> 13.225093087466518682
237 180 121 0 180 155 -> 28.363449512712030298
237 0 359 60 180 103 -> 15.302567300396905381
10 180 0 187 301 290 -> 13.28483697115090223
10 0 0 187 192 61 -> 10.588975009818060613
10 180 8 359 247 80 -> 14.545224220167616735
10 180 8 359 80 7 -> 14.31826936816501572
237 180 0 187 85 74 -> 13.346174223132210912
10 180 121 0 46 15 -> 13.567023666627981981
237 0 121 0 85 286 -> 10.841893425506860638
10 0 359 60 232 16 -> 13.41108828591263169
10 180 245 314 269 13 -> 13.273809569046530754
237 180 121 0 220 297 -> 13.790715784417157508
237 180 121 0 337 320 -> 13.569792645362086958
237 0 359 60 315 175 -> 13.518949512432151039
237 0 121 0 37 334 -> 10.7046678790300831
10 0 245 314 341 23 -> 10.366073919651851654
237 180 121 0 180 125 -> 20.683378232736028934
237 180 245 314 68 293 -> 13.333107960265159875
237 180 121 0 62 37 -> 13.603118872202543344
237 180 8 359 105 69 -> 14.473594660480451068
10 180 245 314 180 155 -> 28.040046285992104913
10 0 245 314 44 336 -> 10.384506235061014223
237 0 245 314 180 274 -> 11.044755963927279652
237 180 245 314 113 280 -> 13.485782920089032899
237 180 359 60 180 103 -> 18.167918558544002394
237 0 0 187 335 30 -> 10.337449732981820461
237 0 245 314 244 334 -> 10.449300993936263993
237 0 121 0 180 257 -> 12.653327005421626694
237 180 245 314 180 257 -> 15.195154071632124726
237 0 121 0 180 155 -> 25.498098254564936838
