30.972816531026573728 -> 237 185 359 59 180 155
28.025099137639237767 -> 238 179 244 310 180 205
27.962292884322334174 -> 13 178 0 187 180 204
30.994247023243708838 -> 236 179 358 60 179 155
28.101009618018700564 -> 15 0 359 59 179 205
27.981669544820988449 -> 9 182 0 187 181 205
27.988619164209197265 -> 10 183 0 187 180 205
27.982487581264400944 -> 237 178 0 186 179 155
25.148969984672106648 -> 240 0 245 310 180 205
30.984556684789666292 -> 10 178 356 59 180 205
28.112535259977327939 -> 240 0 358 60 181 155
25.441057714899237396 -> 240 0 120 0 179 204
30.983503057402351999 -> 14 181 358 61 180 155
28.307959623425695384 -> 11 182 117 0 181 205
30.984223958325998183 -> 236 183 359 61 181 155
24.885371202130077251 -> 236 180 358 288 180 155
27.955782827290200032 -> 240 180 0 184 181 155
30.997581953688978729 -> 11 178 359 62 180 205
28.353412278047223083 -> 12 178 121 0 180 155
28.03344104261385894 -> 12 181 245 315 180 205
27.98417994813192422 -> 238 181 0 186 181 205
30.98353971973048715 -> 9 179 357 57 180 155
25.167678613004625277 -> 238 0 243 314 180 205
25.152290375480333751 -> 11 0 242 316 181 205
28.014946193568746935 -> 237 178 241 317 180 205
30.982689218254940045 -> 233 178 358 60 180 155
28.02094795083475276 -> 12 180 244 312 181 205
30.982038987693989895 -> 14 180 358 58 180 155
30.97732798680419819 -> 234 178 358 61 181 155
28.035192237124274328 -> 9 180 246 314 180 205
25.139113428296170127 -> 236 0 246 309 180 204
30.977395122174698372 -> 238 177 359 58 181 205
28.032267504174228634 -> 237 181 244 311 180 205
30.984954398680805809 -> 235 183 358 58 180 205
30.962506202110866127 -> 239 180 358 59 179 156
28.034502958975636489 -> 9 181 245 312 180 205
28.113208115843558943 -> 236 0 355 60 180 205
28.329838297354847043 -> 239 180 124 0 181 205
28.025098234054190982 -> 9 181 246 317 180 205
30.99625658942602513 -> 238 181 357 60 180 155
25.097624260501596893 -> 14 0 0 185 179 155
25.467665529326353635 -> 240 0 122 0 181 205
27.979920137693369497 -> 235 181 0 190 180 155
28.096865650434793338 -> 232 0 358 57 180 155
27.957656061678314074 -> 240 181 0 186 180 204
27.953186861211278824 -> 231 180 0 188 180 155
27.966141148575417219 -> 12 181 0 191 180 205
28.145983541513416526 -> 237 0 359 59 180 205
30.995992807871971308 -> 9 179 357 59 180 205
27.975624467586513333 -> 237 184 0 188 180 205
25.135804041896371075 -> 13 0 243 316 180 204
28.022827652888970817 -> 10 180 243 313 179 205
30.985509346692893473 -> 9 184 359 60 180 205
25.157353299704599436 -> 238 0 243 319 180 205
30.995900067020251356 -> 236 182 358 58 180 205
28.116085034577579904 -> 11 0 358 57 181 205
28.122844326467145493 -> 7 0 358 61 180 205
28.120162532845426995 -> 10 0 359 57 179 155
28.022580217644282641 -> 239 182 246 314 180 155
25.415886932494622386 -> 233 0 120 0 180 154
27.95326246347579513 -> 12 183 0 189 180 156
28.066534680073907282 -> 14 0 357 59 182 155
28.034502958975636489 -> 9 179 245 312 180 155
30.984118376911766291 -> 239 177 358 59 180 155
30.997478783631123633 -> 13 180 358 60 180 205
25.027035056228243093 -> 233 0 3 188 181 205
25.404193065668977169 -> 234 0 124 0 181 154
28.032195965959658679 -> 236 180 243 312 180 155
30.994615760684666839 -> 10 182 359 60 179 155
22.050907351236304521 -> 13 0 359 287 179 155
28.012946384530025057 -> 233 182 246 313 180 205
27.945642300032361049 -> 10 179 1 184 181 155
25.04357335313059707 -> 238 0 1 191 179 156
27.976016627639285872 -> 237 184 0 186 180 205
28.029453538283227942 -> 238 182 245 312 180 205
25.133926671641066974 -> 238 0 246 314 179 204
30.978751420612070433 -> 11 179 356 62 180 205
