30.259216445639296467 -> 226 196 359 53 183 155
30.137625433733731484 -> 26 183 357 50 177 207
30.112295224944361394 -> 220 169 354 64 184 156
30.342311617495951737 -> 23 166 358 65 181 154
30.464124534395569555 -> 242 191 353 64 181 153
30.302309400147930063 -> 15 193 357 71 183 154
30.506345258805922072 -> 243 168 355 63 177 206
30.296097312249521849 -> 14 179 340 54 180 157
29.972569710686464362 -> 233 193 353 67 187 156
30.472279895224012591 -> 26 173 356 57 180 206
30.047632324047718555 -> 240 174 353 68 183 159
30.651505162139550009 -> 223 175 358 56 179 205
30.492598803300833055 -> 9 171 352 59 177 207
30.433686130652159108 -> 6 170 358 66 175 156
30.67857956322998092 -> 14 190 355 65 182 156
29.884253882556784276 -> 232 172 345 57 187 157
30.354485287668854454 -> 16 188 345 60 181 153
30.600026948698221929 -> 3 175 358 48 181 204
30.496569086604644383 -> 239 178 347 55 178 207
30.269531670586864891 -> 253 175 347 59 181 154
30.435456152969994292 -> 22 187 356 68 179 203
30.247907554340393688 -> 250 169 350 50 180 156
30.535375065774900349 -> 241 167 351 53 181 155
30.49651485755741831 -> 5 180 348 70 182 204
30.247676263584054368 -> 230 192 342 54 181 155
29.824919889465409284 -> 17 175 352 65 181 160
30.32481133652798988 -> 17 172 356 66 180 152
30.416581905830383903 -> 231 170 345 55 181 154
29.764071922031437367 -> 27 181 342 66 175 156
30.417293502710254671 -> 242 173 342 60 182 205
30.532031320612961878 -> 236 173 354 64 185 204
30.155097053019744635 -> 7 192 353 73 184 156
30.044179786475819327 -> 16 179 348 46 181 208
30.471741904416155933 -> 237 177 348 52 176 206
30.010782375173238989 -> 242 191 351 49 186 206
30.59312599051007453 -> 232 180 354 57 181 158
30.467226769887986393 -> 239 180 357 67 177 158
30.227296793933909669 -> 222 182 348 55 183 203
30.691172800198884829 -> 11 188 356 56 182 203
30.409142544312217638 -> 9 179 343 69 178 155
30.467231783772877662 -> 14 170 344 59 181 204
30.49319948592063767 -> 12 172 358 49 180 153
30.629750839870716561 -> 10 189 355 57 181 207
30.359596021943644928 -> 8 166 359 51 180 153
30.177397007679338969 -> 3 171 356 72 175 204
30.281766828633763566 -> 223 167 350 60 180 206
30.421580447546471504 -> 234 198 355 56 179 156
30.356043306977881002 -> 239 181 355 76 182 206
29.70304696671595579 -> 236 169 358 38 185 155
29.991478078537546992 -> 18 164 358 62 177 152
30.49514869882584378 -> 0 181 354 48 179 154
30.538455575224197958 -> 243 165 355 56 179 205
30.148918782211858058 -> 233 177 359 72 186 157
30.275194297749003169 -> 240 166 351 61 177 153
30.303359156190744272 -> 8 167 351 64 185 155
30.856476563062969376 -> 11 178 356 52 180 204
30.441601809642342857 -> 234 169 355 56 176 203
30.37849494186423982 -> 223 185 353 53 182 157
30.415398001998028121 -> 222 176 354 55 177 206
30.62996132433221419 -> 18 183 352 51 181 206
30.126788226809878779 -> 247 187 357 55 187 156
30.298170196471225779 -> 218 184 355 66 180 206
30.090694102007887523 -> 228 182 343 59 175 203
30.363399534135083968 -> 231 176 354 55 175 207
30.212861910447340819 -> 255 177 351 52 178 156
30.683509003803798976 -> 3 173 359 69 179 155
30.447934440514270449 -> 2 172 351 58 178 207
30.594235506819885018 -> 228 184 349 62 183 205
30.319874966982936826 -> 2 179 349 70 176 156
30.414562878789578093 -> 230 193 355 68 183 205
30.409679559441169516 -> 228 177 347 53 176 155
30.550353879375329313 -> 238 171 352 60 178 207
30.541905696152010563 -> 6 181 358 57 174 205
30.516683002220823084 -> 238 185 343 63 178 155
30.64089449426015932 -> 234 179 359 69 180 153
30.558828044549887437 -> 238 171 352 64 180 153
