30.967750993242567858 -> 233 183 357 60 180 205
27.997791578494023668 -> 237 180 245 308 180 204
27.876308683813576295 -> 13 178 0 188 178 206
30.933369971571949009 -> 232 177 356 57 180 155
27.97315410472987196 -> 9 0 353 55 179 154
30.960483060667634447 -> 11 179 358 64 179 205
27.896675539997033866 -> 5 177 0 187 178 155
27.941678747826021123 -> 235 177 0 189 179 156
28.041365076614823693 -> 242 0 356 61 179 204
30.983503057402351999 -> 14 181 358 61 180 205
27.895461432641774024 -> 235 359 355 60 183 205
25.080455382946368559 -> 236 0 238 317 181 204
30.983696864570489993 -> 11 182 358 58 181 155
28.259493253783368516 -> 6 180 120 0 178 204
30.902360877869110567 -> 240 186 359 59 179 156
27.998973357956323582 -> 237 181 246 315 179 156
27.902009718834847263 -> 239 183 2 186 180 156
30.930997518418124059 -> 12 179 358 60 182 204
28.254710793648346367 -> 14 182 119 0 178 156
28.033197458745775066 -> 11 181 243 316 180 155
27.915298533239862877 -> 8 176 1 190 179 205
30.963242412966721417 -> 7 180 359 64 180 155
25.126200085733813694 -> 236 0 240 320 181 205
24.945838967873861236 -> 15 1 1 186 180 204
28.006229828006908633 -> 238 183 243 316 181 205
30.929970579948125931 -> 233 179 359 65 179 155
30.942226874355419852 -> 10 175 356 62 180 205
30.930767441325272671 -> 14 180 358 64 180 156
30.909806148498713441 -> 10 176 356 63 181 156
27.9903083096725247 -> 9 181 247 310 179 204
25.1049414608146364 -> 235 0 245 317 180 206
30.937080843941057395 -> 234 178 358 63 181 156
27.979489370583578989 -> 237 179 250 313 180 204
30.954100023328010138 -> 232 180 357 61 179 205
30.925804262029796377 -> 237 183 356 61 178 155
28.004261338169762041 -> 9 178 248 314 179 205
28.021306913763389446 -> 235 0 359 53 179 204
28.243267794311030627 -> 237 180 126 1 181 205
27.996255039014108945 -> 9 183 245 311 180 204
30.934755733155700597 -> 235 179 356 61 178 205
24.989318069469071304 -> 14 0 3 190 181 156
25.312200368195110656 -> 239 359 118 0 182 205
27.940770339707761138 -> 240 183 0 183 180 155
27.956693164328424217 -> 234 359 359 61 178 156
27.884090905538087668 -> 236 177 0 180 181 205
27.954905520931390583 -> 239 175 0 187 180 155
27.923038160815472963 -> 11 183 2 188 179 205
27.977991041377599402 -> 233 0 356 54 182 204
30.946907154490055802 -> 4 179 359 61 180 155
27.892135668996541398 -> 233 179 2 186 181 204
25.079108492867526081 -> 7 0 244 307 178 205
27.998850613996197012 -> 10 179 242 321 181 205
30.92669664720965983 -> 10 180 352 60 180 155
25.094173163506631852 -> 240 0 249 305 179 205
30.928281632538759283 -> 238 185 358 61 179 204
28.053635143391637996 -> 5 0 355 58 179 205
28.004919879932685944 -> 16 0 356 59 182 204
27.994969701973342779 -> 9 0 359 63 183 156
28.030367797348617387 -> 235 182 245 314 180 155
25.377333659724250481 -> 16 0 127 0 181 205
27.922931942691164409 -> 6 175 0 187 181 155
28.030756375657439605 -> 18 0 357 61 181 155
28.023476681078953732 -> 9 180 247 309 180 155
30.924972318783723324 -> 234 180 359 58 182 204
30.915434220958324829 -> 8 182 355 55 179 205
28.042475052140233061 -> 233 0 356 58 180 206
25.147345160512827533 -> 246 359 121 1 179 156
27.982904830097261595 -> 232 179 246 309 181 155
27.942923548781962495 -> 8 179 0 186 178 155
25.164580396755887648 -> 9 0 247 311 180 155
27.978201825945006931 -> 9 180 241 319 181 204
28.278357035864907232 -> 11 181 122 1 179 155
25.023215371883456015 -> 243 0 0 188 178 205
27.873649369103372209 -> 239 181 0 182 182 156
28.002441523223360775 -> 240 179 241 316 180 205
25.122877559011246973 -> 237 0 244 306 179 205
30.978953065992286042 -> 10 179 357 63 180 205
