237 180 0 187 176 73 -> 13.565635401470631294
237 0 121 0 180 274 -> 11.368280155863875081
237 0 245 314 176 73 -> 10.737830411908685591
237 0 245 314 176 73 -> 10.737830411908685591
10 180 121 0 139 52 -> 13.738026559600896803
10 0 245 314 180 257 -> 12.329923778701701309
10 180 245 314 180 155 -> 28.040046285992104913
10 0 0 187 180 235 -> 17.457077479283860555
237 0 121 0 91 355 -> 10.721598411218547398
237 180 359 60 223 42 -> 16.348633490932307666
10 180 121 0 180 274 -> 14.233752379227638585
10 180 245 314 180 125 -> 20.359975006016103549
10 0 121 0 257 349 -> 10.737500469497113897
237 0 8 359 180 274 -> 12.104076298789191668
237 180 121 0 180 86 -> 14.233631414010966765
237 180 245 314 317 0 -> 13.23037800168413014
237 180 121 0 180 155 -> 28.363449512712030298
237 0 359 60 180 103 -> 15.302567300396905381
10 180 0 187 221 308 -> 13.376956099079151841
10 0 0 187 192 61 -> 10.588975009818060613
10 180 8 359 184 73 -> 14.662622970134362888
10 180 8 359 112 2 -> 14.330933579439010472
237 180 0 187 176 73 -> 13.565635401470631294
10 180 121 0 104 3 -> 13.592330597529194591
237 0 121 0 140 297 -> 10.925364526270064047
10 0 359 60 241 17 -> 13.407343315139254258
10 180 245 314 250 10 -> 13.282369608174187547
237 180 121 0 209 298 -> 13.802402887820704791
237 180 121 0 241 343 -> 13.623333313094398989
237 0 359 60 180 257 -> 15.302567300396905381
237 0 121 0 110 350 -> 10.740421576747019472
10 0 245 314 250 10 -> 10.417018350027094087
237 180 121 0 180 125 -> 20.683378232736028934
237 180 245 314 139 308 -> 13.414381402447631331
237 180 121 0 116 35 -> 13.658288490727237274
237 180 8 359 140 63 -> 14.526511927342477648
10 180 245 314 180 155 -> 28.040046285992104913
10 0 245 314 103 349 -> 10.413976277560518469
237 0 245 314 180 274 -> 11.044755963927279652
237 180 245 314 176 287 -> 13.603181670055779051
237 180 0 187 180 103 -> 15.157607803046975192
237 0 0 187 257 11 -> 10.376309043758698891
237 0 121 0 228 327 -> 10.803107004149010706
237 0 121 0 180 257 -> 12.653327005421626694
237 180 245 314 180 257 -> 15.195154071632124726
237 0 121 0 180 155 -> 25.498098254564936838
