237 180 0 187 176 73 -> 13.565635401470631294
237 180 121 0 180 274 -> 14.233631414010968541
237 0 245 314 184 73 -> 10.737830411908685591
237 0 245 314 176 73 -> 10.737830411908685591
10 180 121 0 150 51 -> 13.746508566472929402
10 0 245 314 180 235 -> 17.494623747869010089
10 180 245 314 180 155 -> 28.040046285992104913
10 0 0 187 180 235 -> 17.457077479283860555
237 0 121 0 149 319 -> 10.840715264163362619
236 180 359 60 210 51 -> 16.395477691956450883
10 180 121 0 180 274 -> 14.233752379227638585
11 180 244 314 180 125 -> 20.358949857563803931
10 0 121 0 210 309 -> 10.881157308325835942
236 0 9 359 180 274 -> 12.103899099733602895
237 180 121 0 180 86 -> 14.233631414010966765
237 180 245 314 209 51 -> 13.422830205650894797
237 180 121 0 180 155 -> 28.363449512712030298
237 0 359 60 180 103 -> 15.302567300396905381
10 180 0 187 209 309 -> 13.385404902282417083
10 0 0 187 192 61 -> 10.588975009818060613
10 180 8 359 184 73 -> 14.662622970134362888
10 180 8 359 149 41 -> 14.441983630452444487
237 180 0 187 176 73 -> 13.565635401470631294
10 180 122 0 151 51 -> 13.746120217824307375
237 0 8 359 169 299 -> 11.685710119926229211
10 0 245 314 211 41 -> 10.517312037443437234
10 180 245 314 211 41 -> 13.382663295590530694
237 180 121 0 192 299 -> 13.815275763270228992
237 180 121 0 209 309 -> 13.746354397587492002
237 0 359 60 181 257 -> 15.301756929723877576
237 0 121 0 150 309 -> 10.881036343109165898
11 0 245 313 211 41 -> 10.516771827029456787
236 180 121 0 180 125 -> 20.683228028460938219
237 180 245 314 150 309 -> 13.42286340931966393
237 180 121 0 150 51 -> 13.746387601256259359
237 180 9 359 169 61 -> 14.551034383292824614
10 180 245 314 180 155 -> 28.040046285992104913
10 0 245 313 150 309 -> 10.557543517702486113
237 0 245 314 180 274 -> 11.044755963927279652
237 180 245 314 176 287 -> 13.603181670055779051
237 180 0 187 180 103 -> 15.157607803046975192
237 0 0 187 209 51 -> 10.519932678918651803
237 0 121 0 192 320 -> 10.847917787190983319
236 0 121 0 180 257 -> 12.653176801146535979
237 180 245 314 180 103 -> 15.195154071632124726
237 0 121 0 180 155 -> 25.498098254564936838
