30.79738511660493927 -> 229 173 354 61 180 205
30.769592013771969619 -> 235 188 350 57 180 155
30.88986527862879683 -> 10 182 356 56 182 156
30.783293156214206476 -> 238 182 355 65 177 204
30.896165024727636705 -> 14 182 359 63 181 154
30.878324820980413534 -> 9 185 357 62 178 156
30.675668325798415736 -> 14 180 358 67 179 153
30.801235571895738019 -> 246 177 354 60 181 205
27.835274213690148315 -> 229 1 358 58 182 206
30.791168019884615603 -> 15 177 351 56 178 155
30.718956685939840412 -> 227 180 357 64 183 205
27.874711842166767894 -> 242 359 354 59 178 156
30.947977338962907368 -> 7 183 357 62 181 155
28.292199962198026242 -> 7 177 126 0 180 205
30.734326210592136874 -> 239 174 359 50 179 204
30.84206179633950029 -> 238 186 358 60 183 155
30.63569406565197184 -> 242 183 351 55 182 203
30.85900053410020405 -> 7 185 352 60 179 155
27.742856225450402974 -> 13 173 123 3 185 204
30.738117835705530467 -> 7 171 352 63 180 156
30.794872685166268411 -> 18 181 351 56 180 155
30.841230260860349688 -> 8 174 351 59 180 205
30.842736607619002598 -> 240 178 352 60 180 206
27.6967492378135276 -> 12 2 356 53 183 156
30.704723209508216542 -> 236 190 356 61 180 203
30.800116879239926249 -> 236 183 356 69 179 205
30.881136452458953556 -> 10 177 358 58 182 206
30.78704108405105444 -> 9 174 356 55 177 155
30.820145926780767809 -> 15 183 350 60 179 155
30.781865791435443214 -> 11 180 355 54 179 203
27.817910219531789551 -> 237 1 355 62 182 157
30.670452795150914937 -> 245 176 349 59 178 155
31.006368351407203932 -> 236 182 359 60 180 155
30.7048837692343497 -> 1 178 356 58 179 157
30.788008348766673805 -> 233 186 358 57 183 156
30.924736972684382152 -> 9 183 359 60 178 204
27.622193269815820571 -> 235 2 357 53 179 207
30.920456982627669618 -> 236 183 353 60 181 155
30.773426704902387741 -> 13 184 358 62 176 155
30.758390786815002826 -> 241 188 358 54 180 206
27.808714383090766376 -> 19 0 355 60 176 155
28.135623437896111199 -> 240 184 128 1 179 156
30.844125563845746996 -> 239 177 352 60 180 154
27.97148009387053591 -> 242 1 359 60 180 204
30.717550711846037359 -> 240 185 357 57 179 207
30.851484969755944121 -> 229 174 359 58 181 205
30.666148683953117882 -> 19 172 350 60 180 155
27.734359981447664012 -> 239 359 358 69 177 156
30.672474577230239845 -> 12 174 350 64 178 154
30.695783293485249033 -> 230 186 352 58 178 206
27.690027675859369083 -> 16 1 354 61 182 207
30.623913021035690463 -> 14 177 356 49 177 156
30.887523649745244114 -> 9 185 354 59 181 204
27.778549228276126826 -> 234 358 357 56 183 205
30.935937832869988995 -> 11 185 359 61 181 156
27.786232127690588811 -> 11 1 357 67 181 203
30.873973718843792824 -> 15 179 355 56 182 155
27.823772582373099027 -> 13 0 353 57 177 157
30.836966306716842467 -> 230 183 354 55 179 155
27.691710128007976266 -> 224 0 354 55 183 156
30.799829430663095309 -> 5 187 356 59 182 204
27.719973067950405721 -> 19 358 352 60 179 155
30.825063821153236177 -> 16 178 358 68 180 205
30.722425736198577084 -> 232 180 356 56 179 153
30.761324922229661638 -> 9 173 354 54 179 206
27.712903271856337284 -> 232 359 347 60 178 204
27.772363364388468199 -> 236 0 345 57 178 204
30.736800760361518314 -> 234 175 358 49 181 205
30.771864569734866279 -> 2 178 358 65 181 206
30.694954391489559953 -> 12 187 355 68 179 154
28.057239384009605487 -> 232 188 126 2 180 205
28.142836111418027656 -> 2 182 121 0 177 205
27.746814681305252748 -> 226 0 359 54 183 206
30.870779826246401711 -> 232 178 358 65 182 155
30.7890693880664017 -> 15 182 357 51 179 204
27.779512486036498586 -> 235 1 355 63 180 153
30.845433276266476241 -> 10 171 358 56 181 155
